2606.05256
2606.05304
2606.05316
2606.05332
2606.05334
2606.05342
2606.05357
2606.05382
2606.05384
2606.05389
2606.05400
2606.05404
2606.05405
2606.05408
2606.05411
2606.05420
2606.05429
2606.05433
2606.05436
2606.05445
2606.05449
2606.05461
2606.05463
2606.05464
2606.05510
2606.05513
2606.05525
2606.05528
2606.05532
2606.05563
2606.05566
2606.05602
2606.05613
2606.05614
2606.05625
2606.05632
2606.05633
2606.05644
2606.05647
2606.05661
2606.05670
2606.05682
2606.05684
2606.05697
2606.05702
2606.05704
2606.05728
2606.05734
2606.05740
2606.05761
2606.05784
2606.05792
2606.05805
2606.05806
2606.05828
2606.05847
2606.05872
2606.05875
2606.05888
2606.05922
2606.05925
2606.05932
2606.05950
2606.05956
2606.05976
2606.05983
2606.06003
2606.06014
2606.06027
2606.06036
2606.06054
2606.06055
2606.06076
2606.06081
2606.06090
2606.06094
2606.06099
2606.06102
2606.06114
2606.06147
2606.06154
2606.06160
2606.06168
2606.06201
2606.06207
2606.06212
2606.06223
2606.06252
2606.06256
2606.06284
2606.06285
2606.06300
2606.06311
2606.06315
2606.06322
2606.06337
2606.06345
2606.06356
2606.06360
2606.06375
2606.06388
2606.06396
2606.06416
2606.06448
2606.06453
2606.06462
2606.06468
2606.06473
2606.05167
2606.05168
2606.05173
2606.05174
2606.05176
2606.05177
2606.05178
2606.05180
2606.05181
2606.05183
2606.05187
2606.05188
2606.05194
2606.05199
2606.05206
2606.05217
2606.05219
2606.05222
2606.05232
2606.05233
2606.05241
2606.05252
2606.05261
2606.05262
2606.05263
2606.05275
2606.05290
2606.05296
2606.05308
2606.05315
2606.05326
2606.05328
2606.05330
2606.05339
2606.05375
2606.05378
2606.05383
2606.05391
2606.05395
2606.05396
2606.05402
2606.05403
2606.05413
2606.05414
2606.05415
2606.05434
2606.05441
2606.05444
2606.05481
2606.05494
2606.05509
2606.05522
2606.05531
2606.05533
2606.05535
2606.05548
2606.05551
2606.05552
2606.05553
2606.05555
2606.05561
2606.05570
2606.05584
2606.05587
2606.05606
2606.05608
2606.05609
2606.05626
2606.05646
2606.05654
2606.05658
2606.05660
2606.05677
2606.05678
2606.05679
2606.05688
2606.05692
2606.05701
2606.05710
2606.05718
2606.05720
2606.05724
2606.05737
2606.05748
2606.05749
2606.05754
2606.05756
2606.05758
2606.05770
2606.05776
2606.05779
2606.05785
2606.05793
2606.05816
2606.05817
2606.05818
2606.05833
2606.05843
2606.05844
2606.05852
2606.05855
2606.05861
2606.05863
2606.05871
2606.05873
2606.05890
2606.05901
2606.05924
2606.05931
2606.05952
2606.05966
2606.05970
2606.05979
2606.05986
2606.05998
2606.05999
2606.06021
2606.06025
2606.06034
2606.06041
2606.06056
2606.06058
2606.06080
2606.06087
2606.06096
2606.06109
2606.06133
2606.06136
2606.06159
2606.06178
2606.06197
2606.06203
2606.06214
2606.06217
2606.06218
2606.06219
2606.06225
2606.06235
2606.06240
2606.06242
2606.06245
2606.06260
2606.06261
2606.06272
2606.06273
2606.06286
2606.06294
2606.06303
2606.06316
2606.06320
2606.06328
2606.06333
2606.06335
2606.06357
2606.06373
2606.06379
2606.06380
2606.06390
2606.06418
2606.06423
2606.06458
2606.06460
2606.06467
2606.06470
2606.06474
2606.06475
2606.06479
2606.06481
2606.06486
2606.06491
2606.06492
2606.06493
2407.10486
2509.04027
2512.05013
2512.15231
2512.15783
2601.02880
2601.09923
2601.18383
2601.19568
2601.21288
2602.00911
2602.07253
2602.13255
2602.13697
2602.21889
2602.22067
2603.14805
2603.16475
2603.17310
2603.25158
2604.00555
2604.07709
2604.08477
2604.12138
2605.02395
2605.04733
2605.09192
2605.12376
2605.13830
2605.18937
2605.25256
2605.27887
2605.28579
2605.30747
2605.31278
2606.00644
2606.01897
2606.04037
2604.00555
2606.05104
2306.09712
2403.00965
2406.08966
2410.02628
2410.13056
2411.18343
2503.01734
2503.14295
2503.17181
2504.10020
2504.10823
2505.11766
2507.06219
2507.12612
2508.06249
2508.10875
2509.20324
2509.24882
2509.25397
2510.00054
2510.05709
2510.11974
2511.21667
2512.03086
2512.05774
2512.15792
2512.20111
2512.20627
2601.06056
2601.09236
2601.21162
2601.21700
2601.22580
2602.04809
2602.07739
2602.07840
2602.09574
2602.19190
2602.19327
2602.19373
2603.03555
2603.03955
2603.07294
2603.10971
2603.13761
2603.14169
2603.19294
2603.19312
2603.20980
2603.20990
2603.25157
2604.01489
2604.12474
2604.16370
2604.17121
2604.20329
2604.21017
2604.23190
2604.23466
2604.24278
2604.26269
2605.03413
2605.04135
2605.05367
2605.05368
2605.07096
2605.07482
2605.08253
2605.08318
2605.11632
2605.13075
2605.15212
2605.15913
2605.16138
2605.16716
2605.18848
2605.20119
2605.21557
2605.23415
2605.24059
2605.25240
2605.25582
2605.26046
2605.26179
2606.00038
2606.00616
2606.00804
2606.01736
2606.02031
2606.02684
2606.02907
2606.03070
2606.03091
2606.03650
2606.03963
2606.04032
2606.04560
2606.04672
2606.04708
