2110.06847
2306.09712
2310.04649
2311.07565
2403.00965
2404.10370
2406.07049
2406.08966
2406.12620
2407.10486
2408.11336
2410.02628
2410.04907
2410.13056
2411.18343
2412.11800
2501.14291
2502.06434
2502.14145
2503.01734
2503.04712
2503.14295
2503.17181
2504.10020
2504.10823
2505.05026
2505.11766
2505.15405
2506.00188
2506.11042
2506.11152
2506.19260
2507.00460
2507.06219
2507.12257
2507.12612
2507.15736
2508.00537
2508.00775
2508.04409
2508.06249
2508.09697
2508.10555
2508.10875
2508.15851
2508.19006
2508.20693
2509.02971
2509.04027
2509.20324
2509.20345
2509.22015
2509.24882
2509.25397
2510.00054
2510.02415
2510.04500
2510.05544
2510.05709
2510.10968
2510.11974
2510.15814
2510.17256
2510.22048
2510.22768
2511.08972
2511.16111
2511.20102
2511.20577
2511.21338
2511.21667
2512.03086
2512.05013
2512.05774
2512.09706
2512.14338
2512.15231
2512.15783
2512.15792
2512.19510
2512.20111
2512.20627
2601.02880
2601.06056
2601.08446
2601.09236
2601.09923
2601.12983
2601.18383
2601.19568
2601.21162
2601.21288
2601.21700
2601.21817
2601.22580
2602.00797
2602.00911
2602.01196
2602.01607
2602.02241
2602.02680
2602.04809
2602.05056
2602.05843
2602.06773
2602.07253
2602.07739
2602.07834
2602.07840
2602.07875
2602.08503
2602.09574
2602.10314
2602.12124
2602.13255
2602.13697
2602.16965
2602.18955
2602.19190
2602.19327
2602.19373
2602.21889
2602.22067
2602.23665
2602.23845
2602.24207
2603.00573
2603.02376
2603.03555
2603.03955
2603.03993
2603.07294
2603.10457
2603.10971
2603.11319
2603.13761
2603.14169
2603.14210
2603.14805
2603.16475
2603.17310
2603.17837
2603.17925
2603.19294
2603.19312
2603.20980
2603.20990
2603.25157
2603.25158
2603.26233
2603.28257
2604.00230
2604.00555
2604.01349
2604.01489
2604.03634
2604.07709
2604.08477
2604.09361
2604.12110
2604.12138
2604.12474
2604.16370
2604.17121
2604.17260
2604.20329
2604.20572
2604.21017
2604.22583
2604.23190
2604.23466
2604.23600
2604.24278
2604.26269
2604.26634
2605.01844
2605.02395
2605.03217
2605.03413
2605.04135
2605.04733
2605.05367
2605.05368
2605.07096
2605.07482
2605.08215
2605.08253
2605.08318
2605.09192
2605.10807
2605.11632
2605.11732
2605.12376
2605.12951
2605.13075
2605.13587
2605.13830
2605.15212
2605.15454
2605.15913
2605.16138
2605.16716
2605.18848
2605.18937
2605.19309
2605.20119
2605.20628
2605.21557
2605.22346
2605.23415
2605.23453
2605.23809
2605.24059
2605.25240
2605.25256
2605.25582
2605.26046
2605.26179
2605.27292
2605.27866
2605.27887
2605.27991
2605.28579
2605.29054
2605.30747
2605.31278
2606.00038
2606.00431
2606.00616
2606.00644
2606.00804
2606.01736
2606.01897
2606.02031
2606.02684
2606.02750
2606.02776
2606.02907
2606.03067
2606.03070
2606.03091
2606.03100
2606.03189
2606.03650
2606.03785
2606.03963
2606.04032
2606.04037
2606.04335
2606.04485
2606.04560
2606.04672
2606.04708
2606.04777
2606.04804
2606.05104
2606.05167
2606.05168
2606.05169
2606.05170
2606.05173
2606.05174
2606.05175
2606.05176
2606.05177
2606.05178
2606.05179
2606.05180
2606.05181
2606.05182
2606.05183
2606.05185
2606.05186
2606.05187
2606.05188
2606.05191
2606.05194
2606.05198
2606.05199
2606.05200
2606.05201
2606.05202
2606.05206
2606.05208
2606.05217
2606.05219
2606.05222
2606.05225
2606.05227
2606.05230
2606.05232
2606.05233
2606.05234
2606.05236
2606.05239
2606.05241
2606.05242
2606.05247
2606.05252
2606.05253
2606.05254
2606.05256
2606.05257
2606.05258
2606.05261
2606.05262
2606.05263
2606.05264
2606.05265
2606.05266
2606.05268
2606.05272
2606.05274
2606.05275
2606.05290
2606.05296
2606.05304
2606.05308
2606.05315
2606.05316
2606.05326
2606.05327
2606.05328
2606.05330
2606.05332
2606.05334
2606.05335
2606.05336
2606.05339
2606.05342
2606.05345
2606.05346
2606.05357
2606.05361
2606.05363
2606.05365
2606.05371
2606.05373
2606.05375
2606.05376
2606.05378
2606.05380
2606.05381
2606.05382
2606.05383
2606.05384
2606.05389
2606.05391
2606.05395
2606.05396
2606.05400
2606.05402
2606.05403
2606.05404
2606.05405
2606.05408
2606.05409
2606.05411
2606.05413
2606.05414
2606.05415
2606.05420
2606.05421
2606.05429
2606.05433
2606.05434
2606.05435
2606.05436
2606.05438
2606.05441
2606.05443
2606.05444
2606.05445
2606.05449
2606.05461
2606.05463
2606.05464
2606.05474
2606.05478
2606.05481
2606.05484
2606.05486
2606.05488
2606.05494
2606.05497
2606.05509
2606.05510
2606.05513
2606.05516
2606.05522
2606.05523
2606.05525
2606.05528
2606.05531
2606.05532
2606.05533
2606.05535
2606.05538
2606.05545
2606.05548
2606.05551
2606.05552
2606.05553
2606.05555
2606.05556
2606.05557
2606.05558
2606.05559
2606.05561
2606.05563
2606.05564
2606.05566
2606.05568
2606.05569
2606.05570
2606.05581
2606.05584
2606.05587
2606.05588
2606.05597
2606.05599
2606.05602
2606.05605
2606.05606
2606.05608
2606.05609
2606.05610
2606.05613
2606.05614
2606.05616
2606.05618
2606.05620
2606.05622
2606.05625
2606.05626
2606.05632
2606.05633
2606.05634
2606.05636
2606.05639
2606.05644
2606.05646
2606.05647
2606.05649
2606.05654
2606.05658
2606.05660
2606.05661
2606.05670
2606.05671
2606.05675
2606.05677
2606.05678
2606.05679
2606.05680
2606.05682
2606.05684
2606.05688
2606.05689
2606.05692
2606.05693
2606.05695
2606.05697
2606.05698
2606.05700
2606.05701
2606.05702
2606.05704
2606.05710
2606.05711
2606.05714
2606.05716
2606.05718
2606.05720
2606.05724
2606.05725
2606.05728
2606.05729
2606.05731
2606.05733
2606.05734
2606.05737
2606.05740
2606.05742
2606.05743
2606.05744
2606.05748
2606.05749
2606.05754
2606.05756
2606.05758
2606.05761
2606.05770
2606.05776
2606.05779
2606.05781
2606.05784
2606.05785
2606.05792
2606.05793
2606.05797
2606.05799
2606.05800
2606.05804
2606.05805
2606.05806
2606.05814
2606.05816
2606.05817
2606.05818
2606.05828
2606.05833
2606.05836
2606.05843
2606.05844
2606.05846
2606.05847
2606.05852
2606.05855
2606.05857
2606.05858
2606.05859
2606.05860
2606.05861
2606.05863
2606.05864
2606.05868
2606.05870
2606.05871
2606.05872
2606.05873
2606.05874
2606.05875
2606.05878
2606.05885
2606.05888
2606.05889
2606.05890
2606.05894
2606.05895
2606.05899
2606.05901
2606.05906
2606.05907
2606.05911
2606.05917
2606.05919
2606.05920
2606.05922
2606.05924
2606.05925
2606.05927
2606.05931
2606.05932
2606.05936
2606.05937
2606.05942
2606.05946
2606.05950
2606.05952
2606.05956
2606.05957
2606.05958
2606.05966
2606.05967
2606.05970
2606.05972
2606.05976
2606.05979
2606.05981
2606.05983
2606.05985
2606.05986
2606.05988
2606.05994
2606.05998
2606.05999
2606.06003
2606.06004
2606.06007
2606.06010
2606.06011
2606.06014
2606.06021
2606.06022
2606.06025
2606.06027
2606.06031
2606.06032
2606.06034
2606.06036
2606.06038
2606.06041
2606.06043
2606.06044
2606.06046
2606.06047
2606.06053
2606.06054
2606.06055
2606.06056
2606.06058
2606.06065
2606.06076
2606.06077
2606.06079
2606.06080
2606.06081
2606.06087
2606.06088
2606.06090
2606.06094
2606.06096
2606.06098
2606.06099
2606.06102
2606.06104
2606.06109
2606.06114
2606.06117
2606.06123
2606.06133
2606.06136
2606.06147
2606.06148
2606.06154
2606.06156
2606.06159
2606.06160
2606.06164
2606.06168
2606.06171
2606.06174
2606.06177
2606.06178
2606.06179
2606.06183
2606.06188
2606.06196
2606.06197
2606.06201
2606.06203
2606.06205
2606.06207
2606.06211
2606.06212
2606.06214
2606.06217
2606.06218
2606.06219
2606.06223
2606.06224
2606.06225
2606.06227
2606.06233
2606.06235
2606.06236
2606.06238
2606.06240
2606.06242
2606.06245
2606.06249
2606.06252
2606.06256
2606.06260
2606.06261
2606.06266
2606.06267
2606.06271
2606.06272
2606.06273
2606.06284
2606.06285
2606.06286
2606.06288
2606.06293
2606.06294
2606.06295
2606.06300
2606.06302
2606.06303
2606.06306
2606.06311
2606.06313
2606.06314
2606.06315
2606.06316
2606.06320
2606.06322
2606.06328
2606.06329
2606.06333
2606.06334
2606.06335
2606.06337
2606.06342
2606.06344
2606.06345
2606.06347
2606.06348
2606.06349
2606.06350
2606.06351
2606.06353
2606.06356
2606.06357
2606.06360
2606.06364
2606.06373
2606.06375
2606.06379
2606.06380
2606.06385
2606.06388
2606.06390
2606.06391
2606.06393
2606.06396
2606.06397
2606.06399
2606.06407
2606.06416
2606.06418
2606.06420
2606.06423
2606.06428
2606.06440
2606.06443
2606.06444
2606.06447
2606.06448
2606.06453
2606.06454
2606.06458
2606.06459
2606.06460
2606.06462
2606.06464
2606.06467
2606.06468
2606.06469
2606.06470
2606.06473
2606.06474
2606.06475
2606.06479
2606.06480
2606.06481
2606.06486
2606.06491
2606.06492
2606.06493
2606.06494
