2606.05168
2606.05173
2606.05174
2606.05175
2606.05176
2606.05177
2606.05179
2606.05180
2606.05181
2606.05182
2606.05183
2606.05315
2606.05330
2606.05336
2606.05346
2606.05402
2606.05414
2606.05415
2606.05421
2606.05444
2606.05486
2606.05494
2606.05523
2606.05545
2606.05553
2606.05557
2606.05561
2606.05564
2606.05569
2606.05570
2606.05610
2606.05616
2606.05620
2606.05622
2606.05626
2606.05634
2606.05671
2606.05688
2606.05698
2606.05711
2606.05716
2606.05724
2606.05742
2606.05744
2606.05749
2606.05793
2606.05804
2606.05836
2606.05843
2606.05846
2606.05857
2606.05858
2606.05859
2606.05864
2606.05868
2606.05874
2606.05890
2606.05894
2606.05895
2606.05901
2606.05906
2606.05924
2606.05931
2606.05936
2606.05937
2606.05970
2606.05985
2606.06004
2606.06022
2606.06025
2606.06031
2606.06038
2606.06044
2606.06047
2606.06065
2606.06079
2606.06087
2606.06088
2606.06098
2606.06109
2606.06177
2606.06188
2606.06197
2606.06203
2606.06211
2606.06242
2606.06266
2606.06267
2606.06271
2606.06286
2606.06306
2606.06349
2606.06350
2606.06380
2606.06399
2606.06420
2606.06428
2606.06443
2606.06447
2606.06464
2606.06467
2606.06474
2606.06481
2606.05186
2606.05194
2606.05233
2606.05308
2606.05384
2606.05400
2606.05404
2606.05405
2606.05409
2606.05436
2606.05443
2606.05513
2606.05531
2606.05538
2606.05563
2606.05568
2606.05647
2606.05661
2606.05677
2606.05725
2606.05728
2606.05734
2606.05743
2606.05748
2606.05761
2606.05799
2606.05828
2606.05889
2606.05917
2606.05920
2606.05922
2606.05976
2606.05983
2606.05988
2606.06027
2606.06058
2606.06080
2606.06096
2606.06160
2606.06168
2606.06178
2606.06183
2606.06260
2606.06320
2606.06388
2606.06416
2606.06444
2606.06454
2606.06473
2606.06492
2110.06847
2406.12620
2410.13056
2502.14145
2504.10020
2504.10823
2505.05026
2507.00460
2507.15736
2508.00537
2508.10875
2508.15851
2510.05544
2510.17256
2510.22768
2511.20102
2512.20111
2601.12983
2601.21700
2601.22580
2602.05843
2602.09574
2602.23845
2603.00573
2603.14210
2603.26233
2604.16370
2604.17260
2604.20572
2604.23600
2604.26269
2605.01844
2605.11632
2605.13075
2605.15454
2605.15913
2605.19309
2605.20628
2605.25240
2605.26046
2605.27866
2606.01736
2606.02750
2606.02776
2606.02907
2606.03189
2606.03650
2606.03785
2306.09712
2407.10486
2508.20693
2509.04027
2510.05709
2512.05774
2512.15792
2601.02880
2601.18383
2602.05056
2602.07253
2602.08503
2602.12124
2603.17310
2603.17837
2603.19294
2604.00555
2604.07709
2604.08477
2604.12138
2605.04135
2605.11732
2605.29054
2606.00804
2606.02031
2606.02684
2606.04032
